11111111111111111     1111111112212211 111211 111211 111121111111111111111111111111111111111111122222222222222222222222222222222222222222222222222222222222222222222222222222222222222222222222222222222
1111111111111111111     111111121111211 111221 111221 11122111111111111111111111112222211111111111112222222222222222222222222222222222222222222222222222222222222222222222222222222222222222222222221111
  1111111111111111111     11111211111211  11231 112211111  111221111111111122222222222222111111111111122222222222222222222222222222222222222222222222222212222222222222222222222222222222222222221111111
     111111111111111111  12222221  111221  1111 1111 11111112321222222222222222222222222211111111111111122222222222222222222222222222222222222222222222222   2222222222222222222222222222222221111111111
       11111111111111112222222221   11111  1111 111  1111111111122345555555555432222221111111111111111111112222222222222222222222222222222222222222222222   12222222222222222222222222222222221111111111
11       111111111111222112222221   11111 1111  11     11111 11 134555331   1455622222211111111111111111111222222222222222222222222222222222222222222222    22222222222222222222222222222222221111111111
11111      1111111111221122221221     1            11    111   11235554321   25563222221111111111111111111112222222222222222222222222222222222222222222   2222222222222222222222222222221111222111111111
11111111       1111122111111111111             1111111   11      1345543211   4556212211111111111111111111111112222222222222222222222222222222222222221   1222222222222222222222222211111112211111111111
11111111111       1221111111111111111111111   1111111111 1      113455533211  255551111111111111111111111112222222222222222222222222222222222222222221    2222222222222222222221111111122211111111111111
111111111111      2221111111111111111111    111111 1127521      1 243             221111111111111111111111111222222222222222222222222222222222222222     12222222222222222222211111122111111111111111111
1111111111111  24222211111111111111111111111     111126531      1 244             111111111111111111111111111112221111111112222222222222222222222221     22222222222222222221111122211111111111111111111
11111111     141111222111111111111111111111111   211115541      1 1352  111111223112111111111111111111111111111111111111111111122222222222222222221     1 1222222222222221111111111111111111111111111111
            1323345542111111111111111111111111  12  1124411      11345554331   155 5311111111111111111111111111111111111111111111222222222221122221     112222222221121111111111111111111111111111111111
            2555555554211111111111111111111  1 121   111311      112455543321   3612511111111111111111111111111111111111111111111111122222221  1         111  111 11111111111111111111111111111111111111
            35555544332541111111111111111   1111  11  11111       113555533211  155 52111111111111111111111111111111111111111111111111111111             111 1111  1111111111111111111111111111111111111
            35543332111126421111111111  11124311  1111 11111      11345554331    45133111111111111111111111111111111111111111111111111111111 1          1      11  1111111111111111111111111111111111111
            2332111111111 143111111123466667721153  111 1111       12455553321   3531511111111111111111111111111111111111111111111111111111                         111111111111111111111111111111111111
            131111111111121  111113466666763 1123464 111 1111       2355554331   156 52111111111111111111111111111111111111111111111111111                          111111111111111111111111111111111111
             121111111122222211 11344432   11112224574111  1111     1345554331    4555511111111111111111111111111111111111111111111111111                           111111111111111111111111111111111111
               1111122223334555544211  11111115432235761111 1111    1233332111    1223411111111111111111111123321111111111111111111111111                           1  111111111111111111111111111111111
                  1112233445544421   1111111255543223575 11111111                    11111111111111111112453222453111111111111111111111111                              11111111111111111111111111111111
 11                                 11111125555554323366  11111111           1111111111111111111111112431112311112552111111111111111111111                              11111111111111111111111111111111
11222      1            122221111    11255555555553223571  11111111      1111111111111111111111111134111122454211112452111111111111111111                               11111111111111111111111111111111
113331           11      26776433211134555555555554323462   11111111   11111111111111111111111111241112332245555311112541111124666421111                                11111111111111111111111111111111
 23321                   1266676432111135555555555533346142 1111111111 11111111111111111111111111111333222233445554211135213323455552111                                11111111111111111111111111111111
1332221              1     16643343311111245555555533453144  111111111 111111111111111111111111111232211112111233445431122122221355631111                                1111111111111111111111111111111
 2322222           11       1475332111354433334555533531143    111111 11111111111111111111111134552111111121111112223221 2333332234552111                                1111111111111111111111111111111
 111112331         2          14643311125555555555544111241   1      111111111111111111135777776655311111133111111111   2333333211245542                                 1111111111111111111111111111111
  1111111111111   21           11111231112455555554211122      13345211111111111111135777776665555444 111235554321     111233331111235542111                         11111111111111111111111111111111111
   11111111111    31       122222222211232223332 11111          36854111111111112467766554432222222221  12255541   12222111111111221123122221                       11111111111111111111111111111111111 
11     111       141      22112222222222122311111111            258652111111125776655444521211222223441    231   122222    111   13211121221                           111111111111111111111111111111111
1111111    111111141     21      2222222221111                  143121111  12466652114553222211 4444311 1111111 222222   222222222222   2 1        1                   1  111111111111111111111111111111
11111111111111111252     2    111  1222222222   12222    1222    122221 12222213122222111222222212122221 1111111222222  222222222221   122221    12222   22222        122221 1111111111 1 11111111111111
           1111111631    11   111122   1111   11222221  122222  112222211122222 1222221  212222221122222  111111222222221  1111111    11222221 1122222211222221   1222122222221 111111111111111111  1111
111       12111111451      11 11111442222211211  22221  12222     22222  122221  222221  2322222   22222  1111  12222222212222222   11  22222    122221  22222   22222   22221    1111111111111  11 1111
111111111111111 112641               222221  1   22221  12222   1122222  122221 1222221 45422222  322222       1112222222   222222 1 11122222    122221  22222   22222   22221  1 11111 111     1 111111
      111111111111 2541       11113412222221 1   22221  12222   2122222  122221 1222221 45322222  222222      1233 1222222 1122222  111 22222    122221  22222   22222   22221  11111  111 1     1 11111
 111 1111111 11111114531  111   1111122222221111 22221  12222  56122222  122221 1222221 222222221 222222  1221112222 12222  122222      22222  1 122221  22222   22222  122221  1   1  1 1 11      1 1 1
11111111111    1  275411 122222134554122222221  122222  222221 11122222  122222 122222212212222222222221  11111222221  222  1222222221  22222   1222222  2222211122222  122221  111  1      1   1 1     
1 1111111      11 37541 1122222213544312222222  1222221  22222 1  1222   11221  1122221     22222222      1111112222   22    122222     12222    12221   122221  122222 122222  11111     1     1 1     
111    11         135542   222222  1111 122222     1       1    121     131     241        12222      2564233321   1111         1     111 1                1     1 11    12222211111 11111        1     
  11                3751  21222222 45544322221  111    1253   2445553 1455552 245553  2433421221    256651 1143211                  111111    111111  222221   2211111  11 22221  1 1111111            1
                   476411 121222222155553221   111111113543234445555555555555345554444433321122  1225662     3543222342          11111111111111111111111111111111122222 1111222   11111111              
                  16764112232  2222211121     1111111355322444455555555555553354444443331112221  22565        45555521111          111111111111111111111111111111 1221    222     1111111               
1                  377411112221             11111113356423445555555555555553344444443211113331  23573            11122111111        111111111111111111111111111111               111112                 
                    27652111111111     1111111112335575344555555555555555543344444321111133333335661               12222111111        1111111111111111111111111111111          1111111                  
                      1221111111111111111111233455557644455555555555555554334444321111122333357662                   12221111111          11111111111  1111111111111111111111 111111                    
                       22111111111111111123455555556754455555555555455554334443111111122333457761                       1222111111        11111111111  111111111111111111111 11111                      
                       1221111111111112356666555555775445555555555455444333321111111223333557751                           222111111          111111   111111111     11111 11111                        
                        1221111111124677655555555557654455555555545444433311111111122333455762                               2222111111111        1    1111111     11111 111111                         
                         1221111133777555555555554576544555555554444433331111111223333455773                                   2222111111111111          11111    1111 1111                             
                          12221123676545555544576456555345555554344432231112333333333557751                                       122222222211111111      1111   111  11                                
                           1221123455544444446775455555445555553343212211133333333456774                                                    12211111           111 11111                                
                               1113455544444777534555554455554433211222233332333467774                                                        2211111       1111 1111112                                
                                11112333434455544555555555544432111233333333346766761                                                          12211111   1111 1111112                                  
                                 11111333334555555444444444433211123333356677666774                                                              22221111111 1111112                                    
                                   1233333333444444333333333321112333577776677634434                                                               2222221 111111                                       
